25
39
0 1 67
0 2 278
2 3 236
2 4 410
3 5 433
5 6 74
1 7 59
7 8 265
6 9 22
2 10 290
3 11 170
0 12 374
4 13 175
0 14 420
7 15 489
6 16 21
1 17 126
1 18 208
13 19 378
11 20 295
11 21 94
0 22 292
19 23 101
6 24 267
8 25 89
12 26 357
6 27 472
18 28 280
15 29 196
7 30 235
24 31 7
19 32 397
18 33 78
6 34 25
31 35 78
33 36 149
28 37 181
29 38 111
70
0 1 291
0 2 320
1 3 316
1 4 69
2 5 250
4 6 46
4 7 264
7 8 282
6 9 155
6 10 162
4 11 10
8 12 340
5 13 172
7 14 271
8 15 363
2 16 301
13 17 46
0 18 424
10 19 370
18 20 412
14 21 485
6 22 199
3 23 131
16 24 386
11 25 128
7 26 416
16 27 205
19 28 88
15 29 89
25 30 440
15 31 80
3 32 391
29 33 87
9 34 394
27 35 235
5 36 163
13 37 315
10 38 13
33 39 71
11 40 280
8 41 355
21 42 384
22 43 430
41 44 200
23 45 275
44 46 261
31 47 453
24 48 75
2 49 311
15 50 123
43 51 291
31 52 409
30 53 274
20 54 324
35 55 116
22 56 368
37 57 36
20 58 235
2 59 63
1 60 427
0 61 289
55 62 123
48 63 164
43 64 268
24 65 256
32 66 250
2 67 215
16 68 495
38 69 413
29
0 1 276
1 2 466
1 3 49
2 4 388
3 5 131
0 6 73
4 7 352
6 8 470
8 9 469
7 10 371
8 11 370
2 12 373
0 13 429
2 14 57
0 15 79
11 16 432
2 17 327
9 18 11
9 19 268
11 20 159
1 21 449
11 22 219
6 23 423
16 24 451
21 25 462
10 26 491
22 27 35
23 28 468
40
0 1 366
0 2 414
2 3 483
1 4 124
3 5 58
3 6 480
6 7 456
2 8 184
0 9 40
7 10 374
10 11 31
6 12 221
5 13 459
7 14 213
1 15 32
4 16 216
13 17 179
7 18 90
9 19 26
6 20 81
8 21 359
8 22 114
7 23 417
21 24 401
15 25 60
9 26 328
15 27 169
22 28 481
26 29 281
18 30 337
11 31 213
22 32 205
6 33 222
17 34 491
31 35 277
7 36 386
1 37 210
9 38 465
8 39 376
45
0 1 289
1 2 390
2 3 210
3 4 183
1 5 203
2 6 364
0 7 250
7 8 43
5 9 251
6 10 187
9 11 335
0 12 9
1 13 123
8 14 1
10 15 235
5 16 380
7 17 412
7 18 296
16 19 454
1 20 427
3 21 26
16 22 467
16 23 293
1 24 193
2 25 173
11 26 93
19 27 164
27 28 237
1 29 201
23 30 414
19 31 346
8 32 128
8 33 275
7 34 300
28 35 424
15 36 70
30 37 407
24 38 155
34 39 306
9 40 169
30 41 360
22 42 77
35 43 86
14 44 442
67
0 1 388
1 2 157
0 3 407
0 4 456
0 5 299
4 6 21
1 7 283
1 8 487
3 9 428
9 10 451
1 11 11
1 12 281
1 13 111
6 14 75
14 15 39
13 16 94
7 17 122
7 18 438
12 19 335
4 20 286
13 21 363
12 22 108
16 23 153
0 24 182
19 25 12
23 26 455
26 27 279
9 28 84
16 29 441
16 30 337
13 31 142
25 32 462
26 33 26
28 34 221
10 35 61
1 36 59
28 37 54
26 38 487
26 39 43
27 40 306
35 41 194
21 42 396
2 43 193
10 44 349
3 45 287
37 46 3
0 47 430
21 48 427
15 49 87
22 50 210
7 51 392
28 52 322
3 53 241
45 54 370
46 55 318
9 56 394
54 57 108
3 58 490
44 59 133
29 60 24
15 61 280
55 62 180
6 63 489
57 64 76
31 65 357
23 66 364
66
0 1 306
1 2 381
0 3 255
3 4 446
4 5 1
0 6 45
6 7 364
1 8 376
5 9 179
2 10 133
8 11 370
0 12 422
6 13 485
5 14 482
0 15 195
3 16 229
15 17 265
8 18 311
1 19 424
0 20 132
6 21 223
13 22 148
5 23 481
15 24 166
22 25 117
12 26 270
12 27 92
8 28 199
13 29 73
14 30 157
27 31 346
25 32 71
21 33 37
7 34 284
23 35 275
33 36 416
26 37 490
13 38 237
13 39 150
6 40 95
12 41 46
39 42 299
19 43 320
20 44 74
18 45 164
7 46 454
43 47 321
44 48 353
47 49 139
30 50 134
7 51 450
18 52 296
49 53 308
21 54 412
33 55 369
47 56 223
1 57 424
43 58 208
1 59 295
43 60 394
10 61 327
59 62 477
36 63 333
20 64 134
39 65 208
24
0 1 123
0 2 223
2 3 296
1 4 27
3 5 360
3 6 18
2 7 451
7 8 197
5 9 155
0 10 179
2 11 340
4 12 36
9 13 35
12 14 23
10 15 114
1 16 420
13 17 471
15 18 103
9 19 151
14 20 127
5 21 89
18 22 214
1 23 339
51
0 1 107
1 2 465
2 3 331
3 4 276
2 5 303
4 6 299
1 7 429
0 8 189
7 9 334
4 10 11
4 11 138
5 12 61
10 13 292
3 14 226
0 15 395
4 16 389
5 17 97
1 18 89
18 19 247
19 20 334
6 21 69
5 22 125
7 23 400
20 24 475
18 25 105
23 26 293
1 27 396
4 28 406
19 29 476
2 30 299
7 31 52
20 32 495
31 33 467
9 34 387
8 35 208
15 36 205
27 37 222
36 38 1
24 39 282
18 40 202
8 41 253
29 42 405
13 43 135
35 44 411
37 45 139
30 46 370
26 47 201
11 48 346
40 49 194
3 50 280
44
0 1 77
0 2 391
0 3 114
0 4 372
3 5 132
4 6 328
6 7 57
4 8 25
0 9 259
1 10 242
7 11 234
5 12 309
7 13 16
8 14 493
10 15 342
3 16 268
8 17 93
3 18 138
13 19 31
9 20 46
13 21 482
19 22 147
18 23 317
10 24 75
24 25 90
2 26 409
19 27 280
17 28 5
26 29 99
23 30 5
6 31 164
26 32 80
14 33 265
21 34 265
20 35 304
26 36 225
20 37 175
36 38 45
33 39 384
19 40 384
29 41 74
12 42 4
1 43 20
66
0 1 15
0 2 327
1 3 276
1 4 344
0 5 43
4 6 195
6 7 76
2 8 234
8 9 303
5 10 478
9 11 214
5 12 220
6 13 488
8 14 390
4 15 394
15 16 45
9 17 493
3 18 177
7 19 180
18 20 345
2 21 3
11 22 473
18 23 496
14 24 101
23 25 210
7 26 246
12 27 179
23 28 443
25 29 250
22 30 210
10 31 400
20 32 447
12 33 222
4 34 498
25 35 72
1 36 100
27 37 321
9 38 102
28 39 71
31 40 197
40 41 40
18 42 333
38 43 296
3 44 320
10 45 89
19 46 286
38 47 285
10 48 467
48 49 471
7 50 32
37 51 33
4 52 54
16 53 51
40 54 399
40 55 228
44 56 134
45 57 25
53 58 425
10 59 302
18 60 397
54 61 409
53 62 333
55 63 52
26 64 3
23 65 203
37
0 1 46
1 2 427
2 3 107
2 4 136
3 5 500
0 6 336
1 7 206
0 8 257
5 9 398
5 10 74
0 11 3
6 12 279
11 13 331
10 14 499
0 15 308
1 16 97
14 17 413
10 18 40
10 19 185
16 20 272
0 21 15
19 22 496
22 23 287
4 24 322
23 25 359
7 26 223
17 27 214
21 28 211
25 29 213
18 30 253
29 31 271
27 32 102
9 33 102
29 34 472
3 35 215
14 36 233
54
0 1 332
0 2 242
0 3 280
0 4 272
4 5 349
1 6 227
1 7 342
2 8 424
2 9 131
6 10 1
8 11 270
0 12 315
4 13 78
8 14 82
9 15 475
1 16 8
2 17 446
12 18 206
9 19 359
5 20 23
14 21 400
6 22 222
0 23 348
18 24 379
2 25 203
12 26 377
22 27 279
1 28 206
9 29 392
8 30 54
8 31 128
18 32 144
17 33 427
8 34 23
1 35 85
28 36 180
35 37 359
31 38 213
37 39 7
6 40 166
10 41 70
19 42 237
27 43 84
9 44 491
27 45 199
26 46 237
2 47 287
34 48 152
18 49 74
10 50 293
47 51 294
33 52 115
21 53 31
16
0 1 216
0 2 250
1 3 420
2 4 169
3 5 141
5 6 171
1 7 235
4 8 327
8 9 327
8 10 400
0 11 194
6 12 16
7 13 367
13 14 341
0 15 461
56
0 1 22
1 2 64
1 3 187
0 4 214
1 5 20
1 6 171
2 7 127
4 8 244
7 9 195
5 10 96
10 11 135
4 12 250
1 13 431
2 14 146
2 15 247
0 16 359
6 17 309
7 18 459
5 19 277
17 20 268
4 21 51
7 22 373
2 23 469
1 24 340
3 25 138
2 26 134
6 27 86
6 28 64
15 29 411
28 30 369
17 31 19
12 32 415
19 33 455
26 34 195
32 35 179
16 36 131
2 37 87
4 38 371
20 39 421
37 40 139
38 41 164
34 42 294
4 43 361
26 44 452
11 45 336
29 46 431
38 47 61
34 48 252
29 49 167
7 50 261
11 51 5
50 52 358
23 53 423
29 54 212
34 55 280
69
0 1 71
0 2 369
2 3 329
3 4 395
0 5 112
3 6 133
0 7 267
4 8 151
0 9 51
9 10 413
6 11 235
10 12 227
1 13 230
9 14 481
5 15 160
14 16 237
7 17 82
14 18 203
0 19 126
18 20 416
19 21 287
19 22 278
8 23 384
22 24 70
23 25 63
6 26 155
26 27 159
19 28 307
12 29 58
4 30 199
9 31 437
4 32 356
28 33 457
30 34 99
34 35 416
16 36 313
28 37 130
35 38 460
38 39 408
26 40 224
33 41 438
23 42 61
4 43 184
29 44 323
14 45 268
36 46 251
17 47 101
8 48 438
38 49 367
18 50 132
8 51 137
34 52 255
30 53 467
37 54 299
46 55 178
7 56 112
46 57 76
12 58 26
17 59 276
10 60 228
9 61 330
32 62 1
16 63 135
17 64 186
24 65 243
26 66 324
59 67 483
52 68 49
7
0 1 249
0 2 461
2 3 87
2 4 205
1 5 480
4 6 159
34
0 1 418
0 2 317
1 3 140
2 4 238
2 5 141
3 6 155
3 7 28
3 8 360
4 9 144
7 10 468
7 11 391
10 12 307
5 13 488
11 14 242
9 15 55
0 16 349
15 17 160
12 18 97
8 19 116
18 20 292
15 21 55
13 22 234
16 23 351
12 24 394
22 25 163
13 26 440
8 27 308
20 28 463
1 29 176
20 30 69
0 31 67
2 32 274
28 33 131
57
0 1 489
1 2 176
0 3 253
2 4 216
3 5 98
3 6 28
5 7 22
2 8 299
7 9 49
4 10 73
2 11 96
5 12 422
3 13 372
12 14 231
3 15 50
13 16 462
12 17 320
11 18 379
2 19 390
5 20 391
17 21 293
15 22 239
14 23 380
11 24 36
11 25 442
0 26 458
14 27 451
10 28 302
2 29 206
1 30 57
2 31 450
1 32 425
31 33 220
8 34 438
26 35 244
2 36 385
30 37 204
35 38 188
13 39 161
28 40 479
35 41 291
27 42 381
30 43 247
29 44 102
3 45 455
25 46 235
6 47 474
41 48 442
35 49 184
43 50 376
32 51 44
6 52 152
47 53 337
0 54 222
51 55 202
46 56 232
33
0 1 401
1 2 499
1 3 349
1 4 234
0 5 315
2 6 237
1 7 455
1 8 403
4 9 314
9 10 236
3 11 81
11 12 195
9 13 292
9 14 407
9 15 177
15 16 127
10 17 117
5 18 81
11 19 93
18 20 12
11 21 312
17 22 438
22 23 5
3 24 466
2 25 496
1 26 247
17 27 198
3 28 464
17 29 445
4 30 357
9 31 152
21 32 45
45
0 1 231
1 2 123
1 3 112
1 4 254
3 5 471
4 6 365
1 7 228
1 8 143
0 9 398
2 10 448
10 11 112
7 12 85
2 13 181
0 14 167
1 15 395
8 16 128
13 17 100
13 18 318
0 19 473
14 20 209
5 21 282
21 22 364
21 23 431
2 24 63
14 25 158
14 26 191
2 27 248
19 28 373
7 29 380
8 30 132
21 31 453
4 32 145
10 33 444
21 34 68
1 35 486
18 36 320
36 37 100
14 38 95
17 39 311
12 40 227
7 41 320
31 42 177
1 43 401
1 44 464
47
0 1 463
1 2 223
1 3 283
2 4 33
2 5 363
2 6 493
5 7 482
1 8 467
8 9 179
9 10 372
3 11 228
8 12 412
8 13 152
7 14 231
3 15 324
13 16 383
10 17 5
6 18 489
16 19 413
13 20 77
15 21 147
3 22 127
21 23 352
1 24 131
20 25 16
10 26 465
9 27 480
26 28 281
19 29 477
16 30 293
17 31 112
30 32 209
2 33 319
0 34 374
7 35 345
29 36 158
15 37 314
18 38 271
22 39 433
4 40 46
13 41 469
8 42 306
23 43 253
1 44 433
11 45 15
2 46 313
15
0 1 102
0 2 155
0 3 2
3 4 379
0 5 338
0 6 258
3 7 391
0 8 352
7 9 475
4 10 21
10 11 178
6 12 458
3 13 46
2 14 184
6
0 1 204
0 2 267
1 3 72
0 4 484
4 5 383
25
0 1 311
1 2 482
0 3 10
2 4 367
1 5 352
2 6 141
2 7 476
0 8 290
5 9 391
9 10 400
7 11 294
9 12 345
2 13 394
0 14 73
14 15 289
5 16 486
8 17 413
9 18 158
12 19 326
13 20 78
14 21 475
20 22 326
9 23 334
3 24 5
